11 21 6
11 22 5
11 23 4
11 24 3
11 25 3
11 26 2
11 28 1
12 21 7
12 22 5
12 23 2
12 24 2
12 25 1
12 26 3
12 27 1
13 21 7
13 22 11
13 23 4
13 24 3
13 25 2
13 26 2
13 27 3
13 28 4
14 21 5
14 22 4
14 23 5
14 24 4
14 25 1
14 26 1
14 27 1
15 21 7
15 22 1
15 23 1
15 24 2
15 25 2
15 27 1
15 28 1
16 21 2
16 22 2
16 23 5
16 24 2
16 26 1
16 27 3
17 21 2
17 22 1
17 23 2
17 27 1
18 22 1
18 23 1
18 24 2
18 27 2
21 31 13
21 32 2
21 33 10
21 34 3
21 35 2
21 36 4
21 37 2
22 31 6
22 32 1
22 33 9
22 34 3
22 35 2
22 36 2
22 37 1
23 31 4
23 32 6
23 34 1
23 35 2
23 36 4
23 38 3
24 31 7
24 33 4
24 34 1
24 35 1
25 31 4
25 32 2
25 35 1
25 36 1
26 31 4
26 32 3
26 35 1
26 38 1
27 31 4
27 33 2
27 36 2
28 32 1
28 33 2
28 34 1
28 38 1
11 31 8
11 32 10
11 33 6
11 34 2
11 35 2
11 36 3
11 38 1
12 31 8
12 32 3
12 33 2
12 34 1
12 35 1
12 36 2
12 38 1
13 31 8
13 32 3
13 33 9
13 34 3
13 35 1
13 36 2
13 38 1
14 31 12
14 32 6
14 33 4
14 34 2
14 35 3
14 36 2
14 37 1
15 31 6
15 32 1
15 33 3
15 37 1
15 38 1
16 31 3
16 32 3
16 33 1
16 35 1
16 36 4
16 38 1
17 31 2
17 32 1
17 33 1
17 36 2
17 37 1
17 38 1
18 31 1
18 33 1
18 34 1
18 35 1